1
4
2
2
2
1
5
7
2
4
3
4
6
6
4
1
-2
3
5
2
4
1
3
2
11
9
5
5
5
7
5
2
2
5
5
0
4
1
5
5
4
4
3
0
4
3
3
4
4
3
2
4
6
7
0
1
9
9
7
7
10
8
2
7
1
1
2
3
8
7
4
3
4
3
3
3
4
4
1
-1
2
3
3
3
2
3
5
7
4
1
5
4
3
1
2
1
5
4
3
3
4
2
3
4
6
5
1
6
4
4
1
5
6
7
4
4
5
1
7
6
6
9
7
2
-2
4
2
8
4
0
0
2
2
6
5
2
-1
3
4
4
2
2
1
3
1
9
2
1
5
4
2
2
0
2
3
1
2
8
9
7
2
4
0
0
6
2
0
0
4
3
1
6
4
8
10
5
4
-1
-1
-4
-3
-3
-2
1
2
1
7
16
19
17
18
14
9
0
-1
-6
-14
-12
-13
-9
2
14
21
29
37
44
37
29
17
3
-8
-14
-27
-36
-36
-34
-29
-16
-9
4
15
24
30
32
20
14
2
-5
-4
-6
-7
-3
2
9
20
26
29
34
30
26
11
-1
-9
-22
-33
-30
-28
-26
-17
0
9
21
31
36
40
39
34
25
8
-10
-22
-35
-39
-39
-34
-22
-6
5
16
28
35
37
33
28
20
11
3
-2
-7
-12
-14
-5
-1
0
9
16
17
20
13
0
-6
-13
-18
-18
-12
-14
-13
-1
12
19
30
42
44
40
35
33
21
6
-6
-24
-34
-40
-36
-35
-27
-9
5
13
21
30
31
33
25
14
9
-5
-13
-15
-13
-9
0
5
10
23
27
25
20
18
15
5
-8
-14
-20
-21
-19
-8
1
11
26
33
35
34
25
12
4
-3
-20
-24
-29
-21
-12
-5
3
12
17
26
23
19
15
9
-2
-4
-9
-14
-20
-19
-15
-10
-10
0
9
16
21
24
28
22
15
9
4
0
-4
-2
-3
12
19
22
24
22
22
13
5
-2
-9
-9
-16
-22
-25
-28
-20
-21
-12
-1
12
28
29
34
32
28
20
9
4
-2
-2
-1
-5
0
-3
-2
-4
-5
-6
-8
-9
0
5
11
13
16
20
17
17
20
12
7
2
-2
-10
-9
-8
-5
-1
5
10
12
9
7
3
3
-2
-7
-3
-5
-5
-5
-6
2
10
17
18
15
12
7
8
4
-2
-2
1
0
2
5
4
4
3
8
15
16
16
15
9
1
-4
-9
-4
-7
-9
-5
-1
6
13
20
19
18
15
10
-2
-7
-6
-8
-6
0
5
10
13
12
10
12
8
8
6
-3
-9
-14
-15
-18
-12
-3
2
9
11
17
20
22
25
19
17
17
10
0
-9
-6
-4
-6
-3
-4
-1
6
14
8
1
-3
-10
-12
-3
0
3
10
9
10
14
15
10
13
11
6
5
3
-5
-3
-5
-13
-6
-3
0
-2
1
5
14
12
9
8
9
7
7
0
-1
-5
-4
0
1
2
3
5
6
5
8
1
-3
-2
5
6
11
11
14
14
7
5
-2
-12
-11
-8
-6
-3
3
4
9
7
10
4
-1
1
3
4
1
6
8
3
1
3
6
7
5
3
3
1
-1
-3
-1
-3
-6
-3
-2
6
11
14
18
18
15
7
6
7
4
2
4
3
4
4
5
1
2
3
-5
-2
-2
-4
0
3
0
0
5
8
7
9
10
8
5
2
9
2
1
7
3
2
1
-2
0
0
0
6
11
6
8
10
11
4
5
3
-2
-3
-1
0
-1
3
-4
-3
7
8
9
12
13
13
10
11
11
6
-4
-8
-7
-5
-4
-4
-4
-2
1
4
4
3
5
7
11
11
10
11
11
10
8
5
3
2
5
6
4
1
1
0
3
1
1
0
5
5
1
2
4
1
2
0
0
-2
-1
2
10
3
7
3
3
3
7
5
1
7
7
6
9
5
3
4
4
7
7
11
8
7
-2
-3
-2
-6
-6
-2
2
4
8
7
8
7
8
12
12
9
9
5
0
0
-6
-2
0
2
-4
-4
1
2
-2
4
5
2
3
6
6
7
9
13
11
10
13
11
11
5
5
1
0
-3
-4
-1
4
-1
-4
-3
4
4
7
11
7
10
14
12
8
7
0
4
0
3
4
8
6
12
10
8
0
1
5
1
0
3
4
-4
2
4
8
7
7
8
4
2
8
10
12
8
3
1
-4
-1
5
8
5
6
7
10
12
8
6
1
3
0
-9
-4
-3
3
5
5
8
7
7
8
6
6
11
15
10
5
7
7
8
2
2
-1
4
9
4
5
4
5
4
4
8
8
3
2
-2
-6
-2
0
-2
1
3
10
8
10
6
8
9
6
1
6
5
7
4
7
6
1
2
3
1
1
6
2
10
8
6
2
-4
-2
0
3
7
5
6
8
15
10
10
10
5
3
6
1
1
1
-5
-5
-4
-8
-6
-1
7
7
13
13
11
6
10
10
3
5
6
4
2
2
-2
6
5
8